0 0.15390625 0.49453125 0.0609375 0.08828125
0 0.37421875 0.55546875 0.05859375 0.07265625
0 0.7125 0.52109375 0.04609375 0.059375
2 0.80234375 0.59375 0.0546875 0.403125
2 0.2328125 0.58359375 0.11328125 0.60625
2 0.40390625 0.5890625 0.10546875 0.54453125
2 0.68671875 0.61640625 0.0953125 0.4234375
2 0.321875 0.5921875 0.08125 0.56328125
2 0.49453125 0.60234375 0.084375 0.48203125
0 0.584375 0.5671875 0.04609375 0.06484375
0 0.43671875 0.571875 0.04453125 0.0734375
2 0.7484375 0.5890625 0.0734375 0.4375