0 0.19420138888888888 0.49681134259259263 0.06813078703703704 0.08918402777777779
0 0.4194791666666666 0.5610127314814815 0.0645138888888889 0.07352430555555553
0 0.7549594907407406 0.5316493055555556 0.05093171296296291 0.06005787037037038
2 0.8507233796296297 0.6056365740740741 0.08753472222222243 0.4039351851851851
2 0.28036458333333336 0.587042824074074 0.1626793981481481 0.6079282407407407
2 0.4519039351851852 0.5950462962962962 0.149837962962963 0.54609375
2 0.7369444444444444 0.6265798611111111 0.1298148148148149 0.4248495370370371
2 0.37012731481481487 0.5969560185185185 0.12714699074074076 0.5644849537037038
2 0.5436111111111112 0.6096701388888889 0.12365162037037045 0.48328124999999994
0 0.6305902777777778 0.5758449074074073 0.05137731481481485 0.06552662037037038
0 0.48331597222222217 0.5783449074074074 0.05051504629629626 0.07409722222222222
2 0.7964351851851852 0.600150462962963 0.1090856481481481 0.43858796296296293