2 0.79921875 0.59765625 0.1578125 0.52265625
2 0.115625 0.57890625 0.134375 0.54453125
2 0.25 0.58984375 0.13125 0.525
2 0.39375 0.6 0.13359375 0.4828125
2 0.5359375 0.5875 0.1296875 0.5015625
2 0.66171875 0.6046875 0.11875 0.471875
2 0.17734375 0.26640625 0.10234375 0.3703125
2 0.29375 0.28984375 0.10703125 0.36640625
2 0.415625 0.2515625 0.1234375 0.41328125
2 0.521875 0.215625 0.10546875 0.28515625
2 0.625 0.246875 0.1140625 0.26796875
2 0.74453125 0.2046875 0.13671875 0.27421875
0 0.4421875 0.8984375 0.08671875 0.1375
0 0.56953125 0.90546875 0.0875 0.1390625
0 0.6984375 0.88671875 0.078125 0.13515625