2 0.7770833333333333 0.5443749999999999 0.17717013888888894 0.5331770833333334
2 0.09418402777777778 0.5711979166666665 0.15454282407407408 0.5534895833333333
2 0.22815393518518517 0.5731770833333333 0.15069444444444446 0.5337500000000001
2 0.3715277777777778 0.57375 0.15147569444444448 0.49171874999999987
2 0.5141782407407407 0.5517708333333333 0.14826388888888892 0.5102083333333333
2 0.6393229166666666 0.5605729166666666 0.1362268518518519 0.47979166666666656
2 0.16747685185185185 0.25458333333333333 0.11605902777777777 0.37713541666666667
2 0.28301504629629626 0.27026041666666667 0.1206018518518519 0.37354166666666666
2 0.4063078703703703 0.22385416666666663 0.13874421296296297 0.42151041666666667
2 0.513888888888889 0.18083333333333335 0.11603009259259274 0.2921875
2 0.6158564814814815 0.2052083333333333 0.12398726851851852 0.27557291666666667
2 0.7369502314814815 0.15505208333333334 0.146875 0.2833333333333333
0 0.40891203703703705 0.8689583333333333 0.09181134259259256 0.14328125000000008
0 0.5359953703703704 0.8675 0.09265046296296298 0.14489583333333336
0 0.6655960648148148 0.84015625 0.08313078703703702 0.1403645833333332