3 0.5937152777777778 0.3084085648148148 0.09024305555555542 0.11993055555555561
0 0.8385069444444444 0.6171238425925927 0.03229166666666643 0.04729166666666664
0 0.8638715277777778 0.622193287037037 0.03243055555555543 0.04885416666666664
0 0.4544270833333333 0.6169097222222222 0.03256944444444443 0.050416666666666644
0 0.42609375 0.6188368055555555 0.03413194444444443 0.05043981481481481
0 0.8900173611111111 0.6272743055555556 0.03399305555555543 0.04887731481481481
0 0.3959201388888889 0.6238657407407407 0.03555555555555552 0.04890046296296298
0 0.9182986111111111 0.6347337962962963 0.03739583333333343 0.05204861111111114
0 0.3665972222222222 0.628125 0.037256944444444426 0.05048611111111114
0 0.831111111111111 0.6827256944444444 0.03201388888888914 0.044166666666666646
0 0.449375 0.6825462962962963 0.030729166666666786 0.047268518518518474
0 0.8561284722222222 0.6917013888888889 0.03256944444444443 0.050416666666666644
0 0.41998263888888887 0.6875868055555555 0.03385416666666661 0.04731481481481481
0 0.8829166666666666 0.6983564814814816 0.03413194444444443 0.05043981481481481
0 0.3888888888888889 0.6941666666666666 0.035416666666666693 0.04733796296296298
0 0.9080729166666666 0.705769675925926 0.027881944444444428 0.05034722222222214
0 0.36190972222222223 0.6984606481481481 0.02958333333333334 0.05193287037037031
0 0.8262673611111111 0.7460185185185185 0.031006944444444427 0.050393518518518476
0 0.4463020833333333 0.7435185185185185 0.03243055555555561 0.04885416666666664
0 0.8512152777777778 0.7557754629629629 0.03270833333333343 0.051979166666666646
0 0.41670138888888886 0.7509027777777778 0.03413194444444443 0.05043981481481481
0 0.8770833333333332 0.7639814814814815 0.03427083333333343 0.05200231481481481
0 0.3871006944444445 0.758287037037037 0.03413194444444443 0.05043981481481481
0 0.9036631944444444 0.7729803240740741 0.03611111111111107 0.05515046296296298
0 0.35736111111111113 0.7672337962962963 0.02958333333333334 0.05193287037037031