0 0.5928298611111111 0.28225694444444444 0.1032060185185184 0.14819444444444443
0 0.7725173611111111 0.3852141203703704 0.02533564814814824 0.036261574074074064
0 0.8683564814814815 0.38927083333333334 0.021759259259259523 0.03152777777777782
0 0.7435069444444444 0.3926851851851852 0.022060185185185155 0.034652777777777734
0 0.9009606481481482 0.4028703703703703 0.02719907407407405 0.039409722222222145
0 0.8018923611111111 0.4059027777777778 0.022361111111111144 0.03777777777777782
0 0.9915625 0.40538773148148144 0.016874999999999928 0.03780092592592581
0 0.7584432870370371 0.4096759259259259 0.02437499999999986 0.042488425925925985
0 0.8520138888888888 0.41454861111111113 0.027499999999999858 0.04253472222222214
0 0.7773900462962964 0.41956597222222225 0.023622685185185333 0.03467592592592581
0 0.8139293981481484 0.4252835648148148 0.023622685185185333 0.03467592592592581
0 0.8912731481481482 0.42413773148148143 0.023923611111111142 0.03780092592592581
0 0.9931655092592593 0.4452546296296296 0.013668981481481523 0.034652777777777644
0 0.7564814814814815 0.4542997685185185 0.02347222222222225 0.03311342592592581
0 0.7776504629629629 0.45476851851851857 0.023622685185185156 0.03467592592592581
0 0.8839756944444446 0.4539756944444445 0.022210648148148236 0.036215277777777645
0 0.816082175925926 0.45576388888888886 0.023923611111111142 0.03780092592592581
0 0.7972569444444444 0.45526041666666667 0.023773148148148238 0.036238425925925986
0 0.9067824074074075 0.45520254629629625 0.02437499999999986 0.04248842592592581